(7, 2, 23, 6, 30, 15, 30, 22)


Bubble Sort: 


Pass 1

(-7, 2,- 23, 6, 30, 15, 30, 22) -> (-2, 7,- 23, 6, 30, 15, 30, 22) swap, since 7 > 2
(2, -7, 23,- 6, 30, 15, 30, 22) -> (2, -7, 23,- 6, 30, 15, 30, 22) no swap, since 23 > 7
(2, 7, -23, 6,- 30, 15, 30, 22) -> (2, 7, -6, 23,- 30, 15, 30, 22) swap, since 23 > 6
(2, 7, 6, -23, 30,- 15, 30, 22) -> (2, 7, 6, -23, 30,- 15, 30, 22) no swap, since 30 > 23
(2, 7, 6, 23, -30, 15,- 30, 22) -> (2, 7, 6, 23, -15, 30,- 30, 22) swap, since 30 > 15
(2, 7, 6, 23, 15, -30, 30,- 22) -> (2, 7, 6, 23, 15, -30, 30,- 22) no swap, since 30 = 30
(2, 7, 6, 23, 15, 30, -30, 22-) -> (2, 7, 6, 23, 15, 30, -22, 30-) swap, since 30 > 22


Pass 2

(-2, 7,- 6, 23, 15, 30, 30, 22) -> (2, 7, 6, 23, 15, 30, 22, 30) no swap, since 7 > 2
(2, -7, 6,- 23, 15, 30, 30, 22) -> (2, -6, 7,- 23, 15, 30, 22, 30) swap, since 7 > 6
(2, 6, -7, 23,- 15, 30, 30, 22) -> (2, 6, -7, 23,- 15, 30, 22, 30) no swap, since 23 > 7
(2, 6, 7, -23, 15,- 30, 30, 22) -> (2, 6, 7, -15, 23,- 30, 22, 30) swap, since 23 > 15
(2, 6, 7, 15, -23, 30,- 30, 22) -> (2, 6, 7, 15, -23, 30,- 22, 30) swap, since 30 > 23
(2, 6, 7, 15, 23, -30, 30,- 22) -> (2, 6, 7, 15, 23, -30, 30,- 22) no swap, since 30 = 30
(2, 6, 7, 15, 23, 30, -30, 22-) -> (2, 6, 7, 15, 23, 30, -22, 30-) swap, since 30 > 22


Pass 3
(-2, 6,- 7, 15, 23, 30, 30, 22) -> (-2, 6,- 7, 15, 23, 30, 22, 30) no swap, since 6 > 2
(2, -6, 7,- 15, 23, 30, 30, 22) -> (2, -6, 7,- 15, 23, 30, 22, 30) no swap, since 7 > 6
(2, 6, -7, 15,- 23, 30, 30, 22) -> (2, 6, -7, 15,- 23, 30, 22, 30) no swap, since 15 > 7
(2, 6, 7, -15, 23,- 30, 30, 22) -> (2, 6, 7, -15, 23,- 30, 22, 30) no swap, since 23 > 15
(2, 6, 7, 15, -23, 30,- 30, 22) -> (2, 6, 7, 15, -23, 30,- 22, 30) no swap, since 30 > 23
(2, 6, 7, 15, 23, -30, 30,- 22) -> (2, 6, 7, 15, 23, -30, 22,- 30) swap, since 30 > 22
(2, 6, 7, 15, 23, -30, 22,- 30) -> (2, 6, 7, 15, 23, -22, 30-, 30) no swap, since 30 = 30


Pass 4
(-2, 6,- 7, 15, 23, 22, 30, 30) -> (-2, 6,- 7, 15, 23, 22, 30, 30) no swap, since 6 > 2
(2, -6, 7,- 15, 23, 22, 30, 30) -> (2, -6, 7,- 15, 23, 22, 30, 30) no swap, since 7 > 6
(2, 6, -7, 15,- 23, 22, 30, 30) -> (2, 6, -7, 15,- 23, 22, 30, 30) no swap, since 15 > 7
(2, 6, 7, -15, 23,- 22, 30, 30) -> (2, 6, 7, -15, 23,- 22, 30, 30) no swap, since 23 > 15

(2, 6, 7, 15, -23, 22,- 30, 30) -> (2, 6, 7, 15, -22, 23,- 30, 30) swap, since 23 > 22
(2, 6, 7, 15, 22, -23, 30,- 30) -> (2, 6, 7, 15, 22, -23, 22,- 30) no swap, since 30 > 23
(2, 6, 7, 15, 22, -23, 30,- 30) -> (2, 6, 7, 15, 22, -23, 30-, 30) no swap, since 30 = 30

End result: (2, 6, 7, 15, 22, 23, 30, 30)

